0	3632.07	97138910242	41631092251	9.19863E+17
9603.7	3632.07	97138910242	41631092251	9.19863E+17
19207.5	3633.03	97246295960	41676788729	9.21489E+17
28811.2	3634.13	97368698530	41729297334	9.2326E+17
38415	3635.44	97513345265	41791658114	9.25858E+17
48018.7	3636.8	97665286673	41856629285	9.2914E+17
57622.4	3637.89	97786676313	41908429836	9.32136E+17
67226.2	3638.1	97810446543	41918752196	9.34206E+17
76829.9	3637.04	97694074381	41868769452	9.35548E+17
86433.6	3634.87	97455503780	41766621503	9.36323E+17
96037.4	3632.1	97153977692	41636846850	9.36474E+17
105641.1	3629.72	96894788896	41526037110	9.37019E+17
115244.9	3628.54	96770663401	41473027149	9.39466E+17
124848.6	3628.38	96759006135	41468254433	9.43607E+17
134452.3	3628.63	96793234273	41483379720	9.48198E+17
144056.1	3628.65	96803773773	41487289160	9.53161E+17
153659.8	3628.37	96777806261	41476481638	9.57769E+17
163263.6	3627.84	96722890737	41452517094	9.6269E+17
172867.3	3627.29	96664360489	41427842881	9.68179E+17
182471	3627.14	96658261699	41425394232	9.74189E+17
192074.8	3627.61	96725227591	41453567834	9.81542E+17
201678.5	3628.2	96772170367	41473556990	9.88702E+17
211282.2	3628.3	96723010447	41452867449	9.95491E+17
220886	3627.48	96622873484	41409910348	1.00235E+18
230489.7	3625.92	96525303191	41368093717	1.00982E+18
240093.5	3624.83	96452972451	41337049645	1.01754E+18
249697.2	3624.38	96399267905	41313805601	1.02606E+18
259300.9	3623.75	96338171100	41287540583	1.03508E+18
268904.7	3623.17	96288520182	41266991511	1.04483E+18
278508.4	3622.73	96246208038	41248532251	1.05465E+18
288112.2	3622.01	96165928600	41214183756	1.06524E+18
297715.9	3622.03	96136918410	41201461256	1.07639E+18
307319.6	3621.96	96122395871	41195045886	1.0883E+18
316923.4	3620.34	96015164471	41149275637	1.09975E+18
326527.1	3619.27	95922061089	41109542203	1.11193E+18
336130.9	3619.36	95903884338	41101294427	1.12617E+18
345734.6	3619.14	95871772191	41087820454	1.14025E+18
355338.3	3617.51	95751323926	41036411820	1.15385E+18
364942.1	3616.89	95689163175	41009402758	1.16932E+18
374545.8	3618.61	95760462268	41040359087	1.18703E+18
384149.5	3616.97	95637696920	40987416111	1.20292E+18
393753.3	3616.52	95590102496	40967221991	1.22093E+18
403357	3616.09	95546171222	40948234355	1.23957E+18
412960.8	3614.73	95382787286	40878600711	1.25722E+18
422564.5	3612.56	95267875540	40829281086	1.27664E+18
432168.2	3613.15	95298616724	40842265903	1.2992E+18
441772	3612.45	95266511386	40828280753	1.32209E+18
451375.7	3609.15	94943016719	40689611174	1.34145E+18
460979.5	3611.37	95056373548	40738409572	1.36812E+18
470583.2	3612.86	95158971103	40782645947	1.39649E+18
480186.9	3617.29	95448213535	40906335043	1.4283E+18
489790.7	3626.28	96238670758	41245403190	1.46974E+18
499394.4	3620.89	95555263380	40951916558	1.49051E+18
508998.1	3624.31	95844426210	41076205242	1.52752E+18
518601.9	3630.82	96179080566	41219688583	1.56728E+18
528205.6	3631.55	96207947669	41232381173	1.6034E+18
537809.4	3631.87	96110327579	41190502367	1.63979E+18
547413.1	3635.61	96425954257	41325287962	1.68514E+18
557016.8	3635.87	96412266799	41319908159	1.72668E+18
566620.6	3636.45	96436603601	41329932155	1.77192E+18
576224.3	3636.43	96395885412	41312543485	1.81778E+18
585828.1	3637.07	96425030467	41325208496	1.86738E+18
595431.8	3638.18	96498893876	41356708576	1.92092E+18
605035.5	3638.59	96502377948	41358425015	1.97614E+18
614639.3	3639.16	96521682134	41366130912	2.03471E+18
624243	3639.81	96548499546	41378182759	2.09652E+18
633846.7	3641.44	96692392926	41439696315	2.16522E+18
643450.5	3641.96	96706712166	41445613931	2.23477E+18
653054.2	3642.28	96699321629	41442620839	2.30747E+18
662658	3642.96	96727988700	41455027701	2.38651E+18
672261.7	3643.39	96731961515	41456479633	2.46921E+18
681865.4	3644.68	96822443344	41495258228	2.55907E+18
691469.2	3645.58	96873416873	41517068503	2.65471E+18
701072.9	3646.37	96921483718	41537633033	2.75584E+18
710676.7	3646.49	96883263400	41521279279	2.86122E+18
720280.4	3647.31	96922030528	41537754994	2.97618E+18
729884.1	3648.62	97020067703	41579767071	3.10165E+18
739487.9	3650.07	97122962655	41623896957	3.23545E+18
749091.6	3650.84	97155186774	41638102478	3.37685E+18
758695.4	3652.36	97275502446	41689982037	3.53192E+18
768299.1	3652.48	97234469648	41671856782	3.69222E+18
777902.8	3653.78	97323923791	41710140988	3.87041E+18
787506.6	3654.95	97398805122	41742516852	4.06238E+18
797110.3	3658.95	97806009735	41917393677	4.28328E+18
806714	3656.4	97449187460	41764267010	4.48856E+18
816317.8	3657.66	97535564145	41801160388	4.7314E+18
825921.5	3658.34	97554747088	41809179040	4.99146E+18
835525.3	3659.9	97675923972	41861410492	5.28043E+18
845129	3660.66	97700451785	41871588914	5.58973E+18
854732.7	3661.39	97724777199	41882415483	5.92681E+18
864336.5	3662.56	97799260562	41913886491	6.29979E+18
873940.2	3663.63	97859927677	41940013443	6.70744E+18
883544	3664.48	97895466748	41955199498	7.15372E+18
893147.7	3665.9	97996041845	41998502721	7.65029E+18
902751.4	3666.83	98039059684	42016356160	8.19416E+18
912355.2	3668.07	98118896561	42051427110	8.79976E+18
921958.9	3676.53	99064532089	42456447603	9.5564E+18
931562.6	3669.53	98144491764	42061704280	1.02072E+19
941166.4	3671.03	98250044157	42106991492	1.10449E+19
950770.1	3672.07	98302591002	42129865099	1.19774E+19
960373.9	3680.12	99199022161	42513913857	1.31369E+19
969977.6	3676.72	98748620387	42320816232	1.42554E+19
979581.3	3676.65	98652580181	42279605012	1.55716E+19
989185.1	3679.24	98893303834	42382533356	1.71236E+19
998788.8	3677.83	98642797970	42275216851	1.87997E+19
1008392.6	3679.49	98770754423	42329983447	2.0794E+19
1017996.3	3680.65	98836944305	42358810053	2.30715E+19
1027600	3681.05	98806188895	42345433126	2.56752E+19
1037203.8	3682.44	98896321465	42384157531	2.87255E+19
1046807.5	3683.47	98946611756	42405510558	3.2263E+19
1056411.2	3684.7	99017959865	42436175230	3.64019E+19
1066015	3685.78	99071276186	42459121017	4.1238E+19
1075618.7	3686.94	99132696673	42485499161	4.68948E+19
1085222.5	3592.51	93208201182	39946161932	5.02659E+19
1094826.2	3532.94	89682593048	38435252502	5.53653E+19
1104429.9	3492.74	87303078671	37415849905	6.20151E+19
1114033.7	3492.75	87288015024	37409098303	7.17802E+19
1123637.4	3493.2	87302228878	37415289899	8.36521E+19
1133241.2	3494.01	87340704603	37431513217	9.81917E+19
1142844.9	3494.57	87363116330	37441401550	1.16093E+20
1152448.6	3495.43	87403372181	37458625152	1.38375E+20
1162052.4	3496.08	87431454012	37470397805	1.66313E+20
1171656.1	3496.91	87470501680	37487307787	2.01741E+20
1181259.9	3497.56	87490724372	37496108142	2.47062E+20
1190863.6	3498.36	87525071653	37510870329	3.0581E+20
1200467.3	3499.18	87568318378	37529288131	3.82881E+20
1210071.1	3500.02	87603684989	37544487179	4.85241E+20
1219674.8	3500.87	87636829325	37558650305	5.50319E+20
1229278.5	3501.7	87675912551	37575354548	5.50565E+20
1238882.3	3502.7	87724725249	37596412465	5.50872E+20
1248486	3503.54	87759631597	37611397618	5.51091E+20
1258089.8	3504.39	87796267951	37626952796	5.5132E+20
1267693.5	3505.29	87835159979	37643508069	5.51564E+20
1277297.2	3506.06	87855467549	37652466518	5.51693E+20
1286901	3507.16	87587234715	37537271671	5.50007E+20
1296504.7	3508.48	87674190364	37574589161	5.50554E+20
1306108.5	3509.58	87744823036	37605208045	5.50998E+20
1315712.2	3510.74	87800582744	37628900453	5.51348E+20
1325315.9	3511.69	87832760349	37642531891	5.51549E+20
1334919.7	3512.7	87870443530	37658878804	5.51787E+20
1344523.4	3511.84	87526766314	37511571682	5.49628E+20
1354127.1	3512.29	87514442814	37497325549	5.49522E+20
1363730.9	3512.51	87468009117	37466628245	5.49195E+20
1373334.6	3512.11	87389084671	37407552757	5.48617E+20
1382938.4	3510.15	87209877867	37274037732	5.47307E+20
1392542.1	3505.89	87040908178	37072221406	5.45825E+20
1402145.8	3489.3	85804545021	36253775437	5.37122E+20
1411749.6	3459.34	84081568297	34882414752	5.24241E+20
1421353.3	3393.4	80412999651	32022263799	4.97011E+20
1430957.1	3258.03	72146130573	26640437691	4.39111E+20
1440560.8	3000.58	56920648914	18270384761	3.37495E+20
1441198.8	1096.46	3242107874	0	0
1530824.6	1045.37	2309251850	0	0
1530973.8	921.5	6670116156	3502961611	2.04962E+16
1560800	932.72	7421880187	4482737756	1.30429E+19
