0	4550	72800000000	0	1.84619E+20
10100	4550	72800000000	0	1.84619E+20
20100	4550	72800000000	0	1.84619E+20
30100	4550	72800000000	0	1.84619E+20
40100	4550	72800000000	0	1.84619E+20
50100	4550	72800000000	0	1.84619E+20
60100	4550	72800000000	0	1.84619E+20
70100	4550	72800000000	0	1.84619E+20
80100	4550	72800000000	0	1.84619E+20
90100	4550	72800000000	0	1.84619E+20
100100	4550	72800000000	0	1.84619E+20
110100	4550	72800000000	0	1.84619E+20
120100	4550	72800000000	0	1.84619E+20
130100	4550	72800000000	0	1.84619E+20
140100	4550	72800000000	0	1.84619E+20
150100	4550	72800000000	0	1.84619E+20
160100	4550	72800000000	0	1.84619E+20
170100	4550	72800000000	0	1.84619E+20
180100	4550	72800000000	0	1.84619E+20
190100	4550	72800000000	0	1.84619E+20
200100	4550	72800000000	0	1.84619E+20
210100	4550	72800000000	0	1.84619E+20
220100	4550	72800000000	0	1.84619E+20
230100	4550	72800000000	0	1.84619E+20
240100	4550	72800000000	0	1.84619E+20
250100	4550	72800000000	0	1.84619E+20
260100	4550	72800000000	0	1.84619E+20
270100	4550	72800000000	0	1.84619E+20
280100	4550	72800000000	0	1.84619E+20
290100	4550	72800000000	0	1.84619E+20
300100	4550	72800000000	0	1.84619E+20
310100	4550	72800000000	0	1.84619E+20
320100	4550	72800000000	0	1.84619E+20
330100	4540	72640000000	0	1.84213E+20
340100	4540	72640000000	0	1.84213E+20
350100	4520	72320000000	0	1.83402E+20
360100	4500	72000000000	0	1.8259E+20
370100	4450	71200000000	0	1.80561E+20
380100	4410	70560000000	0	1.78938E+20
390100	4360	69760000000	0	1.7691E+20
400100	4300	68800000000	0	1.74475E+20
413600	3980	63680000000	0	1.61491E+20
414100	3460	86444986000	69443584000	3.36627E+20
420100	3460	85824262000	69753946000	3.35578E+20
429100	3450	86440095000	70797105000	3.38903E+20
439100	3450	85051815000	72052905000	3.37505E+20
449100	3450	84983160000	72368580000	3.37865E+20
459100	3450	84279705000	73002000000	3.37152E+20
469100	3440	79570984000	75022616000	3.28627E+20
479100	3440	78845488000	75666584000	3.27876E+20
489100	3440	77637016000	75989600000	3.25357E+20
499100	3440	78283048000	75666584000	3.26449E+20
509100	3440	78283048000	75666584000	3.26449E+20
519100	3440	78283048000	75666584000	3.26449E+20
529100	3440	77721296000	75666584000	3.25025E+20
539100	3440	78365952000	75344256000	3.26115E+20
549100	3440	79009232000	75022616000	3.27202E+20
559100	3440	79009232000	75022616000	3.27202E+20
569100	3440	78448168000	75022616000	3.25779E+20
579100	3440	79090072000	74701664000	3.26865E+20
589100	3440	79090072000	74701664000	3.26865E+20
599100	3440	79090072000	74701664000	3.26865E+20
609100	3440	78529696000	74701664000	3.25444E+20
619100	3440	79170224000	74381400000	3.26526E+20
629100	3440	79170224000	74381400000	3.26526E+20
639100	3440	78610536000	74381400000	3.25107E+20
649100	3440	79249688000	74061824000	3.26188E+20
659100	3440	79249688000	74061824000	3.26188E+20
669100	3430	79097858000	73528567000	3.24901E+20
679100	3430	79097858000	73528567000	3.24901E+20
689100	3430	79097858000	73528567000	3.24901E+20
699100	3430	79175719000	73211292000	3.24562E+20
709100	3430	79175719000	73211292000	3.24562E+20
719100	3430	79175719000	73211292000	3.24562E+20
729100	3430	79175719000	73211292000	3.24562E+20
739100	3430	78619716000	73211292000	3.23152E+20
749100	3430	79252894000	72894703000	3.24223E+20
759100	3430	78697577000	72894703000	3.22814E+20
769100	3430	78697577000	72894703000	3.22814E+20
779100	3430	78697577000	72894703000	3.22814E+20
789100	3430	78142946000	72894703000	3.21408E+20
799100	3430	78142946000	72894703000	3.21408E+20
809100	3420	78545088000	72367200000	3.21536E+20
819100	3420	77992758000	72367200000	3.20135E+20
829100	3420	77992758000	72367200000	3.20135E+20
839100	3420	77992758000	72367200000	3.20135E+20
849100	3420	77441112000	72367200000	3.18736E+20
859100	3420	77441112000	72367200000	3.18736E+20
869100	3420	78069708000	72052902000	3.19799E+20
879100	3420	77518746000	72052902000	3.18402E+20
889100	3420	77518746000	72052902000	3.18402E+20
899100	3420	76968468000	72052902000	3.17006E+20
909100	3420	76968468000	72052902000	3.17006E+20
919100	3420	77046102000	71739288000	3.16673E+20
929100	3410	76820821000	71529524000	3.15747E+20
939100	3410	76820821000	71529524000	3.15747E+20
949100	3410	76273516000	71529524000	3.14359E+20
959100	3410	76897546000	71217509000	3.15414E+20
969100	3410	76350923000	71217509000	3.14028E+20
979100	3410	76350923000	71217509000	3.14028E+20
989100	3410	75804982000	71217509000	3.12643E+20
999100	3410	75804982000	71217509000	3.12643E+20
1009100	3410	75882389000	70906176000	3.12313E+20
1019100	3410	75882389000	70906176000	3.12313E+20
1029100	3410	75882389000	70906176000	3.12313E+20
1039100	3410	75337812000	70906176000	3.10932E+20
1049100	3400	75736360000	70388500000	3.11068E+20
1059100	3400	75194060000	70388500000	3.09692E+20
1069100	3400	75194060000	70388500000	3.09692E+20
1079100	3400	74652440000	70388500000	3.08319E+20
1089100	3400	74652440000	70388500000	3.08319E+20
1099100	3400	74729620000	70079440000	3.07992E+20
1109100	3400	74729620000	70079440000	3.07992E+20
1119100	3400	74189360000	70079440000	3.06622E+20
1129100	3400	74189360000	70079440000	3.06622E+20
1139100	3400	74266540000	69771060000	3.06296E+20
1149100	3390	74048109000	69565851000	3.05396E+20
1159100	3390	73510794000	69565851000	3.04033E+20
1169100	3390	73510794000	69565851000	3.04033E+20
1179100	3390	73587747000	69259056000	3.03709E+20
1189100	3390	73051788000	69259056000	3.0235E+20
1199100	3390	73051788000	69259056000	3.0235E+20
1209100	3390	73128741000	68952939000	3.02028E+20
1219100	3390	73128741000	68952939000	3.02028E+20
1229100	3390	72594138000	68952939000	3.00672E+20
1239100	3380	72989072000	68445000000	3.00815E+20
1249100	3380	72456722000	68445000000	2.99465E+20
1259100	3380	72456722000	68445000000	2.99465E+20
1269100	3380	71925048000	68445000000	2.98117E+20
1279100	3380	72001774000	68141138000	2.97797E+20
1289100	3380	72001774000	68141138000	2.97797E+20
1299100	3380	72077824000	67837952000	2.97478E+20
1309100	3380	72077824000	67837952000	2.97478E+20
1319100	3380	71548178000	67837952000	2.96134E+20
1329100	3370	71939727000	67335633000	2.96278E+20
1339100	3370	71412322000	67335633000	2.94941E+20
1349100	3370	70885591000	67335633000	2.93605E+20
1359100	3370	70885591000	67335633000	2.93605E+20
1369100	3370	70961416000	67034692000	2.93288E+20
1379100	3370	70436033000	67034692000	2.91956E+20
1389100	3370	70436033000	67034692000	2.91956E+20
1399100	3360	70302624000	66536400000	2.90775E+20
1409100	3360	70302624000	66536400000	2.90775E+20
1419100	3360	70377552000	66237696000	2.9046E+20
1429100	3360	69855744000	66237696000	2.89137E+20
1439100	3360	69855744000	66237696000	2.89137E+20
1449100	3360	69930672000	65939664000	2.88823E+20
1459100	3360	69410208000	65939664000	2.87503E+20
1469100	3360	69410208000	65939664000	2.87503E+20
1479100	3350	69278335000	65446940000	2.86336E+20
1489100	3350	69278335000	65446940000	2.86336E+20
1499100	3350	68760760000	65446940000	2.85023E+20
1509100	3350	68835465000	65151135000	2.84713E+20
1519100	3350	68835465000	65151135000	2.84713E+20
1529100	3350	68319230000	65151135000	2.83403E+20
1539100	3350	68393935000	64856000000	2.83094E+20
1549100	3350	68393935000	64856000000	2.83094E+20
1559100	3350	67879040000	64856000000	2.81788E+20
1569100	3340	68263588000	64368814000	2.8194E+20
1579100	3340	67750898000	64368814000	2.8064E+20
1589100	3340	67750898000	64368814000	2.8064E+20
1599100	3340	67238876000	64368814000	2.79341E+20
1609100	3340	67238876000	64368814000	2.79341E+20
1619100	3340	67238876000	64368814000	2.79341E+20
1629100	3340	67750898000	64368814000	2.8064E+20
1639100	3350	67364815000	64856000000	2.80484E+20
1649100	3350	67364815000	64856000000	2.80484E+20
1659100	3350	67879040000	64856000000	2.81788E+20
1669100	3340	67676416000	64662400000	2.80947E+20
1679100	3340	67087908000	64956654000	2.79952E+20
1689100	3340	67601266000	64956654000	2.81254E+20
1699100	3340	67601266000	64956654000	2.81254E+20
1708600	3340	67087908000	64956654000	2.79952E+20
1709100	2600	22022000000	28314000000	1.03716E+20
1718100	2600	22022000000	28314000000	1.03716E+20
1725100	2600	22022000000	28314000000	1.03716E+20
1726100	2600	9776000000	8424000000	3.90337E+19
1736100	2600	9776000000	8424000000	3.90337E+19
1737100	2600	1300000000	650000000	4.39569E+18
